1 0.5 -9.5398300523358271 0.5 -9.5398300523358271 0.9 -9.5398300523358271 0.99 -9.5398300523358272 0.5 -9.5398300523358272 0.9 -9.5398300523358272 0.99 -9.5398300523358274 0.5 -9.5398300523358274 0.9 -9.5398300523358274 0.99 -9.5398300523358278 0.5 -9.5398300523358278 0.9 -9.5398300523358278 0.99 -9.5398300523358271 0.9 -9.5394303597768811 0.99 -9.5393514777057932 0.99 -9.6173945170187312 0.9 -9.617473336336932
4 0.9 -9.846016482756541
4 0.9 -9.845909203247555
8 0.9 -10.4640854744286
8 0.9 -10.464104131169046
1 0.9 -5.278050887837239
1 0.99 -5.278018280872069
2 0.9 -5.335375222976342
2 0.99 -5.335353682573757
4 0.9 -5.498320857257202
4 0.99 -5.498293912602869
4 0.99 -5.498293912602869
8 0.9 -5.935284604932652
8 0.99 -5.9353396284503335
1 0.9 -3.5447338897913845
1 0.99 -3.5447206413392243
2 0.9 -3.5990947503412087
2 0.99 -3.5991040223321225
4 0.9 -3.746611853848182
4 0.99 -3.74663442761217
4 0.99 -3.2416074091467175
1 0.9 -3.0476860449747463
1 0.99 -3.0476742929495275
2 0.9 -3.100993846477201
2 0.99 -3.1010025409137665
4 0.9 -3.2415869315737202
4 0.99 -3.2416074091467175
