-0.3042441868197041
1 0.5 0.126067399693223451 0.9 0.126067399693223451 0.99 0.126067399693223452 0.5 0.126067399693223452 0.9 0.126067399693223452 0.99 0.126067399693223454 0.5 0.126067399693223454 0.9 0.126067399693223454 0.99 0.126067399693223458 0.5 0.126067399693223458 0.9 0.126067399693223458 0.99 0.126067399693223451 0.9 0.12610054033214891 0.99 0.12610657599484654
2 0.9 0.1279148481237089
2 0.99 0.12792277514934003
4 0.9 0.1307759027065154
4 0.99 0.13078473466467122
8 0.9 0.13418148112410988
8 0.99 0.13419223786493395
8 0.99 0.46049680741472265
1 0.9 0.4553169756913028
1 0.99 0.4553202700107756
2 0.9 0.456518772428245
2 0.99 0.45652228471674927
4 0.9 0.45839121704804686
4 0.99 0.45839553022920543
8 0.9 0.46049178136936464
8 0.99 0.46049680741472265
1 0.9 0.584364438516848
1 0.99 0.5843666244279109
2 0.9 0.5852886611371784
2 0.99 0.5852911417941761
4 0.9 0.5866831170463529
4 0.99 0.5866862288799204
4 0.99 0.6226667813569715
1 0.9 0.6204833504762447
1 0.99 0.6204833504762447
2 0.9 0.6213507595898395
2 0.99 0.6213530457772185
4 0.9 0.6226638841380512
4 0.99 0.6226667813569715
